N = 1000
	Microseconds: 850 364 273 271 288 290 288 563 307 276 271 275 274 275 274 279 218 220 369 290
	Calls of make heap function: 501 501 501 501 501 501 501 501 501 501 501 501 501 501 501 501 501 501 501 501
	Calls of sift down function: 999 999 999 999 999 999 999 999 999 999 999 999 999 999 999 999 999 999 999 999
	Calls of internal sift down function: 8071 8079 8073 8092 8090 8090 8118 8104 8082 8086 8081 8085 8090 8107 8064 8064 8125 8094 8124 8063
	Recursion depth: 8072 8080 8074 8093 8091 8091 8119 8105 8083 8087 8082 8086 8091 8108 8065 8065 8126 8095 8125 8064

N = 2000
	Microseconds: 558 628 686 703 605 521 515 635 493 576 573 575 539 958 510 659 709 648 623 603
	Calls of make heap function: 1001 1001 1001 1001 1001 1001 1001 1001 1001 1001 1001 1001 1001 1001 1001 1001 1001 1001 1001 1001
	Calls of sift down function: 1999 1999 1999 1999 1999 1999 1999 1999 1999 1999 1999 1999 1999 1999 1999 1999 1999 1999 1999 1999
	Calls of internal sift down function: 18133 18145 18160 18125 18180 18145 18183 18168 18178 18121 18160 18185 18214 18184 18197 18159 18214 18156 18150 18181
	Recursion depth: 18134 18146 18161 18126 18181 18146 18184 18169 18179 18122 18161 18186 18215 18185 18198 18160 18215 18157 18151 18182

N = 4000
	Microseconds: 1193 1429 1881 1463 1435 1665 1325 1039 1037 1195 1045 1682 1170 1595 1479 1122 1085 1038 1803 1729
	Calls of make heap function: 2001 2001 2001 2001 2001 2001 2001 2001 2001 2001 2001 2001 2001 2001 2001 2001 2001 2001 2001 2001
	Calls of sift down function: 3999 3999 3999 3999 3999 3999 3999 3999 3999 3999 3999 3999 3999 3999 3999 3999 3999 3999 3999 3999
	Calls of internal sift down function: 40308 40251 40289 40277 40338 40325 40354 40277 40241 40293 40383 40337 40420 40364 40414 40390 40245 40274 40324 40290
	Recursion depth: 40309 40252 40290 40278 40339 40326 40355 40278 40242 40294 40384 40338 40421 40365 40415 40391 40246 40275 40325 40291

N = 8000
	Microseconds: 2875 2403 3034 2344 2788 2856 2983 2933 2957 3007 3552 2614 2488 3512 2688 2507 3855 3369 2724 4566
	Calls of make heap function: 4001 4001 4001 4001 4001 4001 4001 4001 4001 4001 4001 4001 4001 4001 4001 4001 4001 4001 4001 4001
	Calls of sift down function: 7999 7999 7999 7999 7999 7999 7999 7999 7999 7999 7999 7999 7999 7999 7999 7999 7999 7999 7999 7999
	Calls of internal sift down function: 88500 88561 88655 88654 88701 88497 88586 88625 88678 88600 88689 88659 88712 88584 88781 88587 88598 88540 88661 88543
	Recursion depth: 88501 88562 88656 88655 88702 88498 88587 88626 88679 88601 88690 88660 88713 88585 88782 88588 88599 88541 88662 88544

N = 16000
	Microseconds: 9872 8245 20623 21377 8635 16091 11081 6125 6989 7270 6412 6793 7418 7344 13485 15124 11237 18956 8826 9541
	Calls of make heap function: 8001 8001 8001 8001 8001 8001 8001 8001 8001 8001 8001 8001 8001 8001 8001 8001 8001 8001 8001 8001
	Calls of sift down function: 15999 15999 15999 15999 15999 15999 15999 15999 15999 15999 15999 15999 15999 15999 15999 15999 15999 15999 15999 15999
	Calls of internal sift down function: 193151 193266 193157 193200 193202 193406 193032 193420 193148 193227 193170 193377 193224 193205 193180 193380 193383 193207 193104 193281
	Recursion depth: 193152 193267 193158 193201 193203 193407 193033 193421 193149 193228 193171 193378 193225 193206 193181 193381 193384 193208 193105 193282

N = 32000
	Microseconds: 20019 13954 14143 14651 19286 20787 14246 13291 13316 13507 11842 18039 14557 14527 12786 13937 19257 11542 12477 12810
	Calls of make heap function: 16001 16001 16001 16001 16001 16001 16001 16001 16001 16001 16001 16001 16001 16001 16001 16001 16001 16001 16001 16001
	Calls of sift down function: 31999 31999 31999 31999 31999 31999 31999 31999 31999 31999 31999 31999 31999 31999 31999 31999 31999 31999 31999 31999
	Calls of internal sift down function: 418568 418341 418396 418360 418474 418406 418325 418638 418174 418525 418676 418505 418670 418400 418512 418611 418558 418467 418331 418548
	Recursion depth: 418569 418342 418397 418361 418475 418407 418326 418639 418175 418526 418677 418506 418671 418401 418513 418612 418559 418468 418332 418549

N = 64000
	Microseconds: 23781 24813 30428 28680 24985 23704 30783 31051 25719 20217 26916 34769 29755 23747 23103 25233 37042 36867 50685 43961
	Calls of make heap function: 32001 32001 32001 32001 32001 32001 32001 32001 32001 32001 32001 32001 32001 32001 32001 32001 32001 32001 32001 32001
	Calls of sift down function: 63999 63999 63999 63999 63999 63999 63999 63999 63999 63999 63999 63999 63999 63999 63999 63999 63999 63999 63999 63999
	Calls of internal sift down function: 900930 900826 900782 901162 900543 901097 900882 901047 900893 901122 901422 900998 901126 901056 901017 901175 900695 900689 901075 900899
	Recursion depth: 900931 900827 900783 901163 900544 901098 900883 901048 900894 901123 901423 900999 901127 901057 901018 901176 900696 900690 901076 900900

N = 128000
	Microseconds: 50979 43767 47380 54709 72833 53309 44420 55771 64615 59873 51161 71696 66293 51615 81129 52823 58199 77239 83332 85653
	Calls of make heap function: 64001 64001 64001 64001 64001 64001 64001 64001 64001 64001 64001 64001 64001 64001 64001 64001 64001 64001 64001 64001
	Calls of sift down function: 127999 127999 127999 127999 127999 127999 127999 127999 127999 127999 127999 127999 127999 127999 127999 127999 127999 127999 127999 127999
	Calls of internal sift down function: 1930217 1930032 1929974 1930013 1930334 1930036 1930455 1929430 1930135 1929371 1929825 1929731 1929942 1930428 1930127 1929394 1929743 1930289 1930309 1930102
	Recursion depth: 1930218 1930033 1929975 1930014 1930335 1930037 1930456 1929431 1930136 1929372 1929826 1929732 1929943 1930429 1930128 1929395 1929744 1930290 1930310 1930103

