N = 1000
Milliseconds: 6 4 4 4 7 6 6 6 5 7 6 5 5 5 5 5 7 5 5 6
Swaps: 256065 248585 254972 249393 258124 247570 242635 241614 248043 249941 245622 260639 255541 244483 259179 245244 256861 248359 249937 256815
Repeated passes: 528 501 535 508 516 501 494 496 497 507 503 516 528 510 527 487 525 505 488 527

N = 2000
Milliseconds: 22 19 26 42 67 63 35 30 28 37 43 35 43 34 63 37 22 26 28 27
Swaps: 1007322 1010331 998349 1004970 994163 972633 992595 991313 978226 979729 1000324 1011141 989630 996379 1007003 994647 1008303 1007862 1005167 993070
Repeated passes: 1028 1006 1011 1016 1011 987 999 999 967 981 1030 1024 990 1001 1014 983 1016 1028 1021 985

N = 4000
Milliseconds: 88 97 70 72 85 90 90 90 84 81 63 78 74 70 75 64 98 79 73 71
Swaps: 3973603 4007456 4006787 3948038 4010958 3994481 4025703 3939932 3976782 4013716 3986317 3918044 3977440 4093869 4009656 3977693 3928179 3935002 3988851 3942142
Repeated passes: 1995 2004 2006 1982 2009 2046 2014 1981 2009 2007 2000 1995 2016 2079 2026 2029 1988 2004 2043 2000

N = 8000
Milliseconds: 256 341 301 316 277 334 309 317 350 301 338 339 275 283 321 304 320 299 325 355
Swaps: 15864074 16076742 16049683 15859260 16030474 16136683 16122789 16015897 15934566 16087804 16160750 15896922 15760357 16054944 15828052 15859931 15625946 15968962 16159450 16069731
Repeated passes: 3946 4027 4036 3945 3999 4066 4056 4009 4022 4058 4031 3974 3934 3999 3988 3987 3891 3953 4103 4027

N = 16000
Milliseconds: 1165 1360 1312 1181 1265 1295 1214 1239 1338 1375 1266 1312 1192 1213 1358 1261 1320 1226 1252 1207
Swaps: 64324387 64227843 63688319 63918397 63621075 64065240 64044668 63500766 64237813 63568358 64060081 64288560 64494472 63989741 63758465 63854211 63715175 64039801 63629431 64203928
Repeated passes: 8076 8036 7928 7972 7941 8050 7988 7989 8074 7899 8059 8044 8047 8033 7990 7963 8001 8034 7968 8026

N = 32000
Milliseconds: 5178 5039 5033 5090 4930 5060 5293 5280 5152 4876 5299 5195 4973 4893 4875 4747 4759 4733 4919 4927
Swaps: 255589771 256817776 255944345 253635131 257746900 257079943 255831105 257112452 255314671 255146105 255729733 255607314 255634073 255525633 255147309 256739304 257121101 256461914 254966254 256573083
Repeated passes: 16086 16073 16067 15878 16149 16219 16025 16115 15883 15997 16005 16012 16029 16016 15959 16065 16121 16033 16024 16036

N = 64000
Milliseconds: 19429 19037 19803 20047 19199 20145 19760 19053 19110 19168 19768 19744 19646 19384 19507 19615 20001 19190 18852 19773
Swaps: 1024608252 1021351976 1019521629 1027226661 1022835023 1020357684 1021731153 1023949661 1025395475 1024347629 1022914729 1027188617 1026529138 1022678660 1023834189 1020063986 1020046085 1026764179 1024028326 1022492402
Repeated passes: 32227 31928 31912 32159 32076 31916 31928 32031 32108 32125 31921 32141 31989 32007 32054 31960 31848 32085 32090 31891

N = 128000
Milliseconds: 78293 78901 77281 77431 77557 78086 87210 90300 94908 106599 89882 94376 102150 83796 76115 76164 76436 82473 79138 78345
Swaps: 4092072922 4094055201 4090490740 4098164568 4104349751 4090157127 4087815217 4097579850 4111141530 4098784220 4098180690 4083805064 4088293842 4096649486 4099340539 4097116156 4100467146 4104304751 4096503564 4099606926
Repeated passes: 63917 63976 63959 64238 64042 64058 64084 64180 64305 63954 63940 63765 63813 63916 64257 64235 64178 64106 63942 64106

